=== Covariance matrix ===
    0.023119   -0.0162184   0.00324588   0.00331069   -0.0042322 -0.000907329   0.00222706      0.13939    -0.103564  -0.00797038  -0.00363549 -0.000231638  -0.00362678    0.0633539     0.167651   -0.0150961   -0.0665535     0.168737    -0.218996     0.127215    0.0374549    0.0101241  -6.7475e-06  0.000528736 -0.000465644  0.000249109  0.000835047    0.0587107     0.518118   0.00129076   -0.0567934    -0.135877   -0.0509134    0.0600874   -0.0705777   -0.0110489  -0.00108599   -0.0018506   0.00323535  -0.00232733 -0.000529204   0.00260993    0.0076447   0.00920299   -0.0323061   -0.0028205    -0.314615   0.00043893   -0.0766743  0.000122558  0.000659468 
  -0.0162184    0.0119046  -0.00253244  -0.00217055   0.00288059  0.000492999 -0.000980233   -0.0921416    0.0690854   0.00489662   0.00142493  0.000499879   0.00353196   -0.0369201    -0.108056   0.00905212    0.0491828   -0.0979621     0.117067   -0.0396734     -0.05692   -0.0074246 -1.10516e-05 -0.000344522  0.000274455  1.44683e-05 -0.000540526   -0.0253487    -0.298874   0.00171603    0.0266827    0.0587783    0.0215432    -0.031715     0.047145   0.00911866  0.000132427  0.000570825  -0.00189876  0.000876306  9.64062e-05  -0.00124227  -0.00510524  -0.00902425    0.0187533   0.00106401     0.190976 -0.000248572    0.0348777 -5.70224e-05 -0.000394437 
  0.00324588  -0.00253244  0.000709247   0.00079484  -0.00123638  -0.00010054 -0.000275055    0.0283028   -0.0208744  0.000312787  0.000274424  0.000262929  0.000647926    0.0115343    0.0427979  -0.00193346   -0.0177425    0.0142717  -0.00849993   -0.0113678    0.0262427   0.00318046   1.6953e-05  5.57749e-05  3.69089e-05 -2.74732e-05  0.000153858  -0.00720437    0.0520643  -0.00430242   0.00956025    0.0148571   0.00501678   0.00304944  -0.00879415  -0.00223753  1.26006e-06 -0.000190907   0.00103274 -0.000248501 -2.95916e-05  0.000227916   0.00162824   0.00268343  -0.00242325 -0.000302177   -0.0500155  2.85526e-05   -0.0274799 -3.89101e-05  5.56456e-05 
  0.00331069  -0.00217055   0.00079484   0.00247456  -0.00300724 -0.000589775 -0.000775369    0.0644324   -0.0464325    0.0037951   0.00161196  0.000690461    0.0027968    0.0206631    0.0735525  -0.00289922   -0.0274813    0.0188097   -0.0203546   0.00192689    0.0169964   0.00457782   2.3287e-05 -4.58676e-05  0.000306055  0.000108912  0.000223465   -0.0146509    0.0830902  -0.00709575    0.0157308    0.0285957   0.00504335    0.0184545   -0.0106312  -0.00116923 -0.000271193 -0.000991541   0.00281369  -0.00078818 -0.000188709  0.000759574   0.00362445  0.000933833  -0.00217166 -0.000956308    -0.101838  6.20965e-05    -0.110221 -0.000142403  4.07249e-05 
  -0.0042322   0.00288059  -0.00123638  -0.00300724   0.00600168 -0.000501576  0.000851004   -0.0945326    0.0651617  -0.00267931 -0.000485412 -0.000703392    -0.003365   -0.0325872    -0.131789   0.00533889     0.047847   -0.0378134    0.0207071    0.0275575   -0.0514372  -0.00925661 -4.78052e-05  0.000235107 -0.000264761  7.69517e-05 -0.000449266    0.0257463    -0.150645    0.0120766   -0.0235665   -0.0451791   -0.0154223   -0.0213959    0.0127092   0.00172079  -0.00236092  -0.00167061  -0.00478518  -0.00191921 -0.000932365  -0.00134074  -0.00606368  -0.00321369    0.0053997  -0.00231603     0.159002 -9.67888e-05     0.179381  0.000178801 -0.000202065 
-0.000907329  0.000492999  -0.00010054 -0.000589775 -0.000501576    0.0013618 -2.31431e-05   -0.0142662    0.0119631 -0.000570954  3.40879e-05 -9.21181e-05 -0.000694874   -0.0086837   -0.0167309   0.00105186   0.00888999  -0.00544869     0.010693  -0.00363904  0.000665791  -0.00101477 -6.69976e-06  2.08537e-05  4.46925e-05  -6.6277e-05 -5.55152e-05  -0.00299094   -0.0372996  0.000566115  0.000283879  -0.00218382   0.00283097  -0.00757895   0.00338091  1.65893e-05 -0.000265651 -0.000423467  0.000536273 -0.000474331 -0.000168014  6.44791e-05 -0.000491844  0.000432579 -1.12467e-05 -0.000574279    0.0524017 -6.70741e-05   0.00985306  5.30813e-05  3.58553e-05 
  0.00222706 -0.000980233 -0.000275055 -0.000775369  0.000851004 -2.31431e-05   0.00835626   0.00346483  -0.00234406   -0.0109192  -0.00613164  -0.00400268   -0.0191528   -0.0265186     -0.29403  -0.00282786     0.157163    0.0945414    -0.287542     0.534981    -0.173262   -0.0274214 -0.000271352  0.000145965  -0.00102056   0.00146011  1.38164e-05     0.226817     0.307659    0.0679305    -0.249659     -0.51506    -0.159929    0.0380526  -0.00911033  0.000820172   0.00296044   0.00379082   -0.0020775   0.00371235   0.00151811  -0.00159019  0.000619505  -0.00143971   -0.0173405   0.00449249    -0.137659  0.000257673    -0.439975  8.25191e-05  0.000444075 
     0.13939   -0.0921416    0.0283028    0.0644324   -0.0945326   -0.0142662   0.00346483      2.18369     -1.56797    -0.012179   -0.0366242    0.0218243    0.0733741     0.935133      3.07062    -0.161001    -0.946067      1.18722     -1.25751     0.440108     0.714701     0.183902  0.000552945  -0.00114174   0.00531614    0.0038263   0.00816262   -0.0247462      5.18425    -0.184622   0.00800984    -0.147712   -0.0191679     0.611195     -0.44373   -0.0482219    0.0156559   0.00503103    0.0766656   0.00532814   0.00591277    0.0234554     0.127082     0.040483    -0.293372   0.00636395     -5.46696   0.00299509     -3.61545  -0.00402445   0.00430143 
   -0.103564    0.0690854   -0.0208744   -0.0464325    0.0651617    0.0119631  -0.00234406     -1.56797      1.13386    0.0041232    0.0247765    -0.018061   -0.0585436    -0.669473     -2.22118     0.115451     0.679575    -0.826939     0.892178     -0.31975    -0.519937    -0.130412 -0.000374501  0.000300786  -0.00423525  -0.00318009  -0.00573598    0.0312018      -3.7099     0.136464   -0.0069198     0.108429    0.0109521    -0.425874      0.32798    0.0376786  -0.00561923   0.00219454   -0.0540632   0.00245491  -0.00181184   -0.0156995    -0.089879    -0.029476     0.203939     0.003026      3.84955  -0.00202545      2.52865    0.0030106   -0.0028037 
 -0.00797038   0.00489662  0.000312787    0.0037951  -0.00267931 -0.000570954   -0.0109192    -0.012179    0.0041232    0.0628534    0.0277896    0.0111265    0.0360378   -0.0162121    0.0249705    0.0167338   -0.0381043    -0.219508     0.255104   -0.0855894   -0.0661341   0.00461387  0.000143592  0.000711338   0.00241866  0.000805515 -0.000210657    -0.235124    -0.763102   -0.0546408     0.337583     0.563917      0.10565   -0.0586104     0.023676  0.000260182   -0.0255676    -0.033085    0.0163958   -0.0313066   -0.0120102   0.00139637  -0.00263912  -0.00670242    0.0799036   -0.0378731      0.80214  -0.00035431  0.000854567 -0.000310436 -0.000835745 
 -0.00363549   0.00142493  0.000274424   0.00161196 -0.000485412  3.40879e-05  -0.00613164   -0.0366242    0.0247765    0.0277896     0.043359   -0.0192809   -0.0680876    -0.477075     -1.31407    0.0783248     0.344462    -0.636281     0.758288    -0.913819     0.510858   -0.0776924 -9.01812e-05 -2.84308e-05   -0.0010814  -0.00348199  -0.00266703    -0.193309     -2.62205    0.0677715  0.000291141     0.372029     0.155614    -0.119275    0.0147815  -0.00195564  -0.00709748  -0.00930426   0.00405439   -0.0086963  -0.00342116  -0.00504964  -0.00292644   0.00242604    0.0484744    -0.010522     0.526333 -0.000312856    -0.430109  0.000723213 -0.000124089 
-0.000231638  0.000499879  0.000262929  0.000690461 -0.000703392 -9.21181e-05  -0.00400268    0.0218243    -0.018061    0.0111265   -0.0192809    0.0334371    0.0930275     0.440988      1.31088   -0.0602326    -0.343901     0.407816    -0.446176       0.6203    -0.425946    0.0831315  0.000248287   0.00144102   0.00280756   0.00350919   0.00190844   -0.0470251       1.7825    -0.120638     0.326796      0.17893   -0.0291032     0.057739   -0.0026592  0.000256517   -0.0125617   -0.0147099   0.00648325   -0.0160346  -0.00572166   0.00192631  0.000280716  -0.00577328   0.00137367    -0.019384   0.00559336 -0.000136963     0.259477 -0.000511895 -0.000335376 
 -0.00362678   0.00353196  0.000647926    0.0027968    -0.003365 -0.000694874   -0.0191528    0.0733741   -0.0585436    0.0360378   -0.0680876    0.0930275      0.32813      1.49269      4.75922    -0.206643     -1.38638      1.22166     -1.19905      1.51562     -1.24253     0.304965   0.00103421   0.00237021    0.0110305    0.0107029   0.00689077    -0.315092      6.06392     -0.45884      1.12738      0.90789     0.068165     0.124306   0.00248929   0.00267235   -0.0323619   -0.0383074    0.0186504   -0.0415685   -0.0154192    0.0309958   0.00148163   -0.0164553    0.0151439   -0.0502782    0.0573857 -0.000507598      1.95388   -0.0027874  -0.00153891 
   0.0633539   -0.0369201    0.0115343    0.0206631   -0.0325872   -0.0086837   -0.0265186     0.935133    -0.669473   -0.0162121    -0.477075     0.440988      1.49269      12.1992      28.5833     -1.78657     -8.73645      14.6748     -15.4041      23.8009     -14.6225      2.01753   0.00524269    0.0326276  -0.00283553    0.0812517    0.0473002      4.23521      56.6466     -1.98889      5.46099     -1.78144     -3.58908      3.17518    -0.233507   -0.0115525   -0.0508783   -0.0612159    0.0546474   -0.0664958   -0.0242574    0.0766911     0.055105   -0.0361895    -0.239875   -0.0803842     -3.51835   0.00361278      4.91976   -0.0120812   0.00414539 
    0.167651    -0.108056    0.0427979    0.0735525    -0.131789   -0.0167309     -0.29403      3.07062     -2.22118    0.0249705     -1.31407      1.31088      4.75922      28.5833      88.0951     -4.23653     -29.6133      32.0551     -27.5584      19.5064     -15.5194      6.02978    0.0226297     0.034321    0.0692969     0.105995     0.158421     -2.71677      126.622     -7.72829      18.1257      13.3607      0.38395      5.50455    -0.548224   -0.0563055   -0.0885529    -0.118008     0.155139    -0.136559   -0.0461451     0.433145     0.170059   -0.0191851    -0.477036    -0.165212     -9.03871   0.00017124       33.515   -0.0492768   -0.0231246 
  -0.0150961   0.00905212  -0.00193346  -0.00289922   0.00533889   0.00105186  -0.00282786    -0.161001     0.115451    0.0167338    0.0783248   -0.0602326    -0.206643     -1.78657     -4.23653     0.278554      1.32693     -2.43031      2.65995     -3.52128      1.93757    -0.291046 -0.000619086  -0.00418014    0.0034561   -0.0115301  -0.00931491    -0.768208      -9.0219      0.24381    -0.514823     0.748004     0.612968    -0.540679    0.0520221   0.00251728  -0.00273142  -0.00265636  -0.00354266  -0.00241154  -0.00127057   -0.0199412   -0.0101207   0.00235684    0.0498157   -0.0029195     0.606872 -0.000758094     -0.42188   0.00216998 -0.000643304 
  -0.0665535    0.0491828   -0.0177425   -0.0274813     0.047847   0.00888999     0.157163    -0.946067     0.679575   -0.0381043     0.344462    -0.343901     -1.38638     -8.73645     -29.6133      1.32693      13.6979     -15.0843      9.19267      7.45062       -4.705     -2.16785   -0.0108477   -0.0161124    0.0280607    0.0191893    -0.100644      2.82799     -37.5441      2.89331     -7.67614     -6.59169     -2.90697     -1.43082      0.17554    0.0379052   -0.0254781   -0.0200889   -0.0422444    -0.020167   -0.0106139    -0.287267   -0.0578907    -0.058753   0.00461889   -0.0242979      1.51816  -0.00178047      -16.524     0.014653    0.0197276 
    0.168737   -0.0979621    0.0142717    0.0188097   -0.0378134  -0.00544869    0.0945414      1.18722    -0.826939    -0.219508    -0.636281     0.407816      1.22166      14.6748      32.0551     -2.43031     -15.0843      45.9972     -44.7149      16.5303      6.08051      2.27191   0.00523968     0.133811      -0.1683     0.056137     0.287479      8.06713      77.6358     -1.75618      6.82494     -22.3803     -3.19638      2.25818    -0.600197   -0.0299353    0.0738326    0.0791182    0.0109392    0.0814063    0.0296046    0.0274464    0.0904982    0.0345987    -0.495601    0.0985475     -4.51053    0.0149215     -10.2665   -0.0157548  -0.00869104 
   -0.218996     0.117067  -0.00849993   -0.0203546    0.0207071     0.010693    -0.287542     -1.25751     0.892178     0.255104     0.758288    -0.446176     -1.19905     -15.4041     -27.5584      2.65995      9.19267     -44.7149       62.452     -54.6236      11.7841     -1.66399   0.00311784    -0.108355     0.121534    -0.176757    -0.323061     -14.6833     -91.8931    0.0678052    -0.232907      32.5668      13.7253     -8.12139     0.830178    0.0149609  -0.00753694  -0.00178343   -0.0223211   0.00127723    0.0013578    -0.015228   -0.0873629    0.0535532     0.679543   0.00141065      5.02624   -0.0175826       21.079    0.0202161  -0.00507014 
    0.127215   -0.0396734   -0.0113678   0.00192689    0.0275575  -0.00363904     0.534981     0.440108     -0.31975   -0.0855894    -0.913819       0.6203      1.51562      23.8009      19.5064     -3.52128      7.45062      16.5303     -54.6236      190.768     -109.567      0.94185   -0.0185244    0.0219693  0.000572742     0.461805   -0.0319969      35.3405      135.598      3.33855     -9.60036     -38.6814      -41.645      21.8883    -0.629571    0.0554793    -0.275723    -0.314957     0.138541    -0.324324    -0.119223     0.020611    0.0348585    -0.289525    -0.671622    -0.392128     -2.61808    0.0211949     -4.63721   0.00954742     0.086705 
   0.0374549     -0.05692    0.0262427    0.0169964   -0.0514372  0.000665791    -0.173262     0.714701    -0.519937   -0.0661341     0.510858    -0.425946     -1.24253     -14.6225     -15.5194      1.93757       -4.705      6.08051      11.7841     -109.567      87.8387    -0.967425   0.00696607    0.0508876   -0.0789473    -0.226582     0.239823     -17.8194     -74.0585     -1.22269      4.15208      3.82065      24.0776     -18.0698    0.0176471   -0.0796633     0.205629     0.231152   -0.0793945     0.233405    0.0856396   -0.0290623     0.042027     0.241965     0.116805     0.282177     -1.99796  -0.00827735     -25.5035   -0.0134011   -0.0504074 
   0.0101241   -0.0074246   0.00318046   0.00457782  -0.00925661  -0.00101477   -0.0274214     0.183902    -0.130412   0.00461387   -0.0776924    0.0831315     0.304965      2.01753      6.02978    -0.291046     -2.16785      2.27191     -1.66399      0.94185    -0.967425     0.440074    0.0018719   0.00301226   0.00241511   0.00443475    0.0100864     -0.23953      8.48768    -0.565901      1.52846      1.39188     0.108647     0.405884   -0.0283211  -0.00581763  -0.00117302  -0.00251486   0.00932758  -0.00308996 -0.000995276    0.0224586    0.0107491   0.00443237    -0.017507  -0.00374359    -0.504919 -1.86024e-06      2.40146  -0.00277283  -0.00139014 
 -6.7475e-06 -1.10516e-05   1.6953e-05   2.3287e-05 -4.78052e-05 -6.69976e-06 -0.000271352  0.000552945 -0.000374501  0.000143592 -9.01812e-05  0.000248287   0.00103421   0.00524269    0.0226297 -0.000619086   -0.0108477   0.00523968   0.00311784   -0.0185244   0.00696607    0.0018719  1.32035e-05  -1.6921e-06  7.93524e-06 -6.13731e-05  4.20844e-05  -0.00717664    0.0116256  -0.00315822    0.0101379    0.0172702   0.00543179  5.42196e-05  0.000103568 -4.28776e-05  1.46844e-05  9.99736e-06  4.55475e-05  1.24144e-05  3.34801e-06   7.8755e-05  3.22196e-05  9.15996e-05  0.000218163  1.49221e-05   -0.0003442 -3.53244e-06    0.0189888 -6.34531e-06 -1.87816e-05 
 0.000528736 -0.000344522  5.57749e-05 -4.58676e-05  0.000235107  2.08537e-05  0.000145965  -0.00114174  0.000300786  0.000711338 -2.84308e-05   0.00144102   0.00237021    0.0326276     0.034321  -0.00418014   -0.0161124     0.133811    -0.108355    0.0219693    0.0508876   0.00301226  -1.6921e-06   0.00133436 -4.27961e-05  0.000464788  0.000596755    0.0168304     0.103249  -0.00881442    0.0569614   -0.0725511   0.00674176   -0.0181404  -0.00236233 -0.000399122  -0.00177315  -0.00204136    0.0004184  -0.00225142 -0.000873727  -0.00347823 -0.000206232 -0.000265676  -0.00088242  -0.00271978   0.00702441   7.2689e-06    -0.131681  -2.2895e-05  3.36741e-05 
-0.000465644  0.000274455  3.69089e-05  0.000306055 -0.000264761  4.46925e-05  -0.00102056   0.00531614  -0.00423525   0.00241866   -0.0010814   0.00280756    0.0110305  -0.00283553    0.0692969    0.0034561    0.0280607      -0.1683     0.121534  0.000572742   -0.0789473   0.00241511  7.93524e-06 -4.27961e-05   0.00353432  0.000648653  -0.00134582   -0.0789841    -0.160915   -0.0234816    0.0426252     0.169511    0.0238375  -0.00769405   0.00134817 -0.000122318   -0.0020147  -0.00253831   0.00118634  -0.00279338  -0.00102203   -0.0039148  0.000160115 -0.000650486   0.00122161  -0.00337838  -6.9251e-05 -5.45617e-05    0.0751533 -0.000194208 -3.29305e-05 
 0.000249109  1.44683e-05 -2.74732e-05  0.000108912  7.69517e-05  -6.6277e-05   0.00146011    0.0038263  -0.00318009  0.000805515  -0.00348199   0.00350919    0.0107029    0.0812517     0.105995   -0.0115301    0.0191893     0.056137    -0.176757     0.461805    -0.226582   0.00443475 -6.13731e-05  0.000464788  0.000648653    0.0027363  0.000605283    0.0867577     0.413389  -0.00207848  -0.00261998    -0.173447   -0.0696985  -0.00463124  -0.00209214  0.000259663  -0.00210343  -0.00245357  0.000864616  -0.00264845  -0.00101612 -0.000615745  8.60752e-05  -0.00159711  -0.00202469  -0.00320159   -0.0108546  2.98454e-05   -0.0517894 -0.000108673  0.000235778 
 0.000835047 -0.000540526  0.000153858  0.000223465 -0.000449266 -5.55152e-05  1.38164e-05   0.00816262  -0.00573598 -0.000210657  -0.00266703   0.00190844   0.00689077    0.0473002     0.158421  -0.00931491    -0.100644     0.287479    -0.323061   -0.0319969     0.239823    0.0100864  4.20844e-05  0.000596755  -0.00134582  0.000605283   0.00398879    0.0054257     0.279239   -0.0129371    0.0417581    -0.165685    0.0180415    -0.035266  -0.00253149 -0.000365428  0.000716164  0.000764127  0.000119259  0.000782887  0.000241781    0.0021424  0.000540056   0.00117849 -0.000501824   0.00094627   -0.0118374  4.05019e-05   -0.0469121 -0.000121453  -0.00019019 
   0.0587107   -0.0253487  -0.00720437   -0.0146509    0.0257463  -0.00299094     0.226817   -0.0247462    0.0312018    -0.235124    -0.193309   -0.0470251    -0.315092      4.23521     -2.71677    -0.768208      2.82799      8.06713     -14.6833      35.3405     -17.8194     -0.23953  -0.00717664    0.0168304   -0.0789841    0.0867577    0.0054257      11.5382      32.3803      1.93655     -5.61887     -17.6316     -8.50017      3.35599    -0.244219    0.0227754    0.0568518    0.0733432   -0.0493805    0.0792614    0.0309572     0.034816    0.0101259   -0.0512073    -0.387332    0.0959273     -2.64963   0.00828542     -12.4574   0.00585304    0.0232681 
    0.518118    -0.298874    0.0520643    0.0830902    -0.150645   -0.0372996     0.307659      5.18425      -3.7099    -0.763102     -2.62205       1.7825      6.06392      56.6466      126.622      -9.0219     -37.5441      77.6358     -91.8931      135.598     -74.0585      8.48768    0.0116256     0.103249    -0.160915     0.413389     0.279239      32.3803      300.221      -5.4539      7.91573     -37.7585     -26.0521      19.8748     -1.81981   -0.0429491     0.177664     0.195891    0.0536416     0.197097    0.0879478     0.770169     0.335694    -0.122779     -1.91704     0.238461     -21.7601    0.0303613      5.91484   -0.0660052    0.0346544 
  0.00129076   0.00171603  -0.00430242  -0.00709575    0.0120766  0.000566115    0.0679305    -0.184622     0.136464   -0.0546408    0.0677715    -0.120638     -0.45884     -1.98889     -7.72829      0.24381      2.89331     -1.75618    0.0678052      3.33855     -1.22269    -0.565901  -0.00315822  -0.00881442   -0.0234816  -0.00207848   -0.0129371      1.93655      -5.4539      1.06797     -3.14022     -3.95214      -1.4943     0.351424   -0.0109059   0.00960752    0.0297669    0.0365406   -0.0237156    0.0400185    0.0155697   0.00349457  -0.00743094  -0.00570674    -0.040443     0.048398     0.107535   0.00153221     -4.48194     0.004552   0.00438766 
  -0.0567934    0.0266827   0.00956025    0.0157308   -0.0235665  0.000283879    -0.249659   0.00800984   -0.0069198     0.337583  0.000291141     0.326796      1.12738      5.46099      18.1257    -0.514823     -7.67614      6.82494    -0.232907     -9.60036      4.15208      1.52846    0.0101379    0.0569614    0.0426252  -0.00261998    0.0417581     -5.61887      7.91573     -3.14022      12.4311      13.0535       4.5668     -1.63932     0.192655   -0.0273239    -0.195801    -0.230788     0.115102    -0.244091   -0.0969469    -0.146794   -0.0136838  -0.00281239     0.356829    -0.295144      2.34224  -0.00557343      9.46587  -0.00462594   -0.0104952 
   -0.135877    0.0587783    0.0148571    0.0285957   -0.0451791  -0.00218382     -0.51506    -0.147712     0.108429     0.563917     0.372029      0.17893      0.90789     -1.78144      13.3607     0.748004     -6.59169     -22.3803      32.5668     -38.6814      3.82065      1.39188    0.0172702   -0.0725511     0.169511    -0.173447    -0.165685     -17.6316     -37.7585     -3.95214      13.0535      48.6844       8.7548      2.60716     0.571563   -0.0500302     -0.18447    -0.222479     0.132443    -0.230624   -0.0869241  -0.00855355    -0.034355     0.067619     0.846525    -0.279089      5.10079   -0.0170951      31.0854  -0.00154184   -0.0279027 
  -0.0509134    0.0215432   0.00501678   0.00504335   -0.0154223   0.00283097    -0.159929   -0.0191679    0.0109521      0.10565     0.155614   -0.0291032     0.068165     -3.58908      0.38395     0.612968     -2.90697     -3.19638      13.7253      -41.645      24.0776     0.108647   0.00543179   0.00674176    0.0238375   -0.0696985    0.0180415     -8.50017     -26.0521      -1.4943       4.5668       8.7548      11.1205      -7.3999     0.212414   -0.0143031  -0.00132071  -0.00486004   0.00928503  -0.00846612  -0.00381798  0.000435479  -0.00608478    0.0568969     0.214965   -0.0102722     0.791447  -0.00605935      4.24141  -0.00422259   -0.0182271 
   0.0600874    -0.031715   0.00304944    0.0184545   -0.0213959  -0.00757895    0.0380526     0.611195    -0.425874   -0.0586104    -0.119275     0.057739     0.124306      3.17518      5.50455    -0.540679     -1.43082      2.25818     -8.12139      21.8883     -18.0698     0.405884  5.42196e-05   -0.0181404  -0.00769405  -0.00463124    -0.035266      3.35599      19.8748     0.351424     -1.63932      2.60716      -7.3999      10.8599    -0.198901  -0.00883548    0.0416735    0.0410604   0.00529877    0.0444969    0.0227593    0.0677396    0.0408912   0.00698883     -0.14876    0.0537572     -1.89251   0.00411922     -1.08665  -0.00167029   0.00315553 
  -0.0705777     0.047145  -0.00879415   -0.0106312    0.0127092   0.00338091  -0.00911033     -0.44373      0.32798     0.023676    0.0147815   -0.0026592   0.00248929    -0.233507    -0.548224    0.0520221      0.17554    -0.600197     0.830178    -0.629571    0.0176471   -0.0283211  0.000103568  -0.00236233   0.00134817  -0.00209214  -0.00253149    -0.244219     -1.81981   -0.0109059     0.192655     0.571563     0.212414    -0.198901     0.230358     0.027754    0.0121787    0.0152822   -0.0124066    0.0172941    0.0056584  -0.00809081   -0.0233893   -0.0140348     0.116792    0.0209294      1.05968  -0.00151216     0.358749 -0.000537999  -0.00226458 
  -0.0110489   0.00911866  -0.00223753  -0.00116923   0.00172079  1.65893e-05  0.000820172   -0.0482219    0.0376786  0.000260182  -0.00195564  0.000256517   0.00267235   -0.0115525   -0.0563055   0.00251728    0.0379052   -0.0299353    0.0149609    0.0554793   -0.0796633  -0.00581763 -4.28776e-05 -0.000399122 -0.000122318  0.000259663 -0.000365428    0.0227754   -0.0429491   0.00960752   -0.0273239   -0.0500302   -0.0143031  -0.00883548     0.027754   0.00933788  5.64318e-05  0.000373683  -0.00094641  0.000653222  0.000143281   0.00121454  -0.00269658   -0.0116927   0.00315223  0.000792732    0.0431399 -4.95919e-05   -0.0152078 -5.49424e-06 -0.000118003 
 -0.00108599  0.000132427  1.26006e-06 -0.000271193  -0.00236092 -0.000265651   0.00296044    0.0156559  -0.00561923   -0.0255676  -0.00709748   -0.0125617   -0.0323619   -0.0508783   -0.0885529  -0.00273142   -0.0254781    0.0738326  -0.00753694    -0.275723     0.205629  -0.00117302  1.46844e-05  -0.00177315   -0.0020147  -0.00210343  0.000716164    0.0568518     0.177664    0.0297669    -0.195801     -0.18447  -0.00132071    0.0416735    0.0121787  5.64318e-05    0.0364745    0.0411049   -0.0134157    0.0434611     0.016722  -0.00147993   0.00389243    0.0163537  0.000392331    0.0525657    -0.159766  0.000330066    -0.022224 -3.71234e-05  0.000246678 
  -0.0018506  0.000570825 -0.000190907 -0.000991541  -0.00167061 -0.000423467   0.00379082   0.00503103   0.00219454    -0.033085  -0.00930426   -0.0147099   -0.0383074   -0.0612159    -0.118008  -0.00265636   -0.0200889    0.0791182  -0.00178343    -0.314957     0.231152  -0.00251486  9.99736e-06  -0.00204136  -0.00253831  -0.00245357  0.000764127    0.0733432     0.195891    0.0365406    -0.230788    -0.222479  -0.00486004    0.0410604    0.0152822  0.000373683    0.0411049    0.0491422   -0.0168613    0.0497949    0.0189535  -0.00326173   0.00348517    0.0179372  -0.00137599     0.060232    -0.193355  0.000311383   0.00914784 -2.86857e-05  0.000233905 
  0.00323535  -0.00189876   0.00103274   0.00281369  -0.00478518  0.000536273   -0.0020775    0.0766656   -0.0540632    0.0163958   0.00405439   0.00648325    0.0186504    0.0546474     0.155139  -0.00354266   -0.0422444    0.0109392   -0.0223211     0.138541   -0.0793945   0.00932758  4.55475e-05    0.0004184   0.00118634  0.000864616  0.000119259   -0.0493805    0.0536416   -0.0237156     0.115102     0.132443   0.00928503   0.00529877   -0.0124066  -0.00094641   -0.0134157   -0.0168613    0.0234117   -0.0175916  -0.00637228   0.00443022   0.00426444   -0.0044892 -2.21517e-05   -0.0212877   -0.0402603  0.000275591     -0.17597 -0.000138968  0.000204923 
 -0.00232733  0.000876306 -0.000248501  -0.00078818  -0.00191921 -0.000474331   0.00371235   0.00532814   0.00245491   -0.0313066   -0.0086963   -0.0160346   -0.0415685   -0.0664958    -0.136559  -0.00241154    -0.020167    0.0814063   0.00127723    -0.324324     0.233405  -0.00308996  1.24144e-05  -0.00225142  -0.00279338  -0.00264845  0.000782887    0.0792614     0.197097    0.0400185    -0.244091    -0.230624  -0.00846612    0.0444969    0.0172941  0.000653222    0.0434611    0.0497949   -0.0175916    0.0529093    0.0200721  -0.00366907   0.00367386    0.0186046   0.00105139    0.0639973    -0.178501  0.000327198     0.014138 -3.70452e-05  0.000226204 
-0.000529204  9.64062e-05 -2.95916e-05 -0.000188709 -0.000932365 -0.000168014   0.00151811   0.00591277  -0.00181184   -0.0120102  -0.00342116  -0.00572166   -0.0154192   -0.0242574   -0.0461451  -0.00127057   -0.0106139    0.0296046    0.0013578    -0.119223    0.0856396 -0.000995276  3.34801e-06 -0.000873727  -0.00102203  -0.00101612  0.000241781    0.0309572    0.0879478    0.0155697   -0.0969469   -0.0869241  -0.00381798    0.0227593    0.0056584  0.000143281     0.016722    0.0189535  -0.00637228    0.0200721   0.00789369 -0.000504223   0.00167496   0.00726619 -8.58201e-05    0.0242777   -0.0750287  0.000144853   -0.0069599  5.87515e-06  0.000106633 
  0.00260993  -0.00124227  0.000227916  0.000759574  -0.00134074  6.44791e-05  -0.00159019    0.0234554   -0.0156995   0.00139637  -0.00504964   0.00192631    0.0309958    0.0766911     0.433145   -0.0199412    -0.287267    0.0274464    -0.015228     0.020611   -0.0290623    0.0224586   7.8755e-05  -0.00347823   -0.0039148 -0.000615745    0.0021424     0.034816     0.770169   0.00349457    -0.146794  -0.00855355  0.000435479    0.0677396  -0.00809081   0.00121454  -0.00147993  -0.00326173   0.00443022  -0.00366907 -0.000504223    0.0638853   0.00149987  -0.00266189  -0.00416907  -0.00447002   -0.0158359  0.000168878     0.856141  1.72501e-05 -0.000117783 
   0.0076447  -0.00510524   0.00162824   0.00362445  -0.00606368 -0.000491844  0.000619505     0.127082    -0.089879  -0.00263912  -0.00292644  0.000280716   0.00148163     0.055105     0.170059   -0.0101207   -0.0578907    0.0904982   -0.0873629    0.0348585     0.042027    0.0107491  3.22196e-05 -0.000206232  0.000160115  8.60752e-05  0.000540056    0.0101259     0.335694  -0.00743094   -0.0136838    -0.034355  -0.00608478    0.0408912   -0.0233893  -0.00269658   0.00389243   0.00348517   0.00426444   0.00367386   0.00167496   0.00149987   0.00800531   0.00378274   -0.0168553   0.00443797    -0.323089  0.000298018    -0.225312 -0.000216831  0.000364603 
  0.00920299  -0.00902425   0.00268343  0.000933833  -0.00321369  0.000432579  -0.00143971     0.040483    -0.029476  -0.00670242   0.00242604  -0.00577328   -0.0164553   -0.0361895   -0.0191851   0.00235684    -0.058753    0.0345987    0.0535532    -0.289525     0.241965   0.00443237  9.15996e-05 -0.000265676 -0.000650486  -0.00159711   0.00117849   -0.0512073    -0.122779  -0.00570674  -0.00281239     0.067619    0.0568969   0.00698883   -0.0140348   -0.0116927    0.0163537    0.0179372   -0.0044892    0.0186046   0.00726619  -0.00266189   0.00378274    0.0260832   0.00927248    0.0224974  -0.00924924   8.7959e-05     0.045166 -1.64415e-05  2.93053e-05 
  -0.0323061    0.0187533  -0.00242325  -0.00217166    0.0053997 -1.12467e-05   -0.0173405    -0.293372     0.203939    0.0799036    0.0484744   0.00137367    0.0151439    -0.239875    -0.477036    0.0498157   0.00461889    -0.495601     0.679543    -0.671622     0.116805    -0.017507  0.000218163  -0.00088242   0.00122161  -0.00202469 -0.000501824    -0.387332     -1.91704    -0.040443     0.356829     0.846525     0.214965     -0.14876     0.116792   0.00315223  0.000392331  -0.00137599 -2.21517e-05   0.00105139 -8.58201e-05  -0.00416907   -0.0168553   0.00927248     0.204627   0.00126775      2.20329 -0.000644532     0.519093 -0.000233375  -0.00196377 
  -0.0028205   0.00106401 -0.000302177 -0.000956308  -0.00231603 -0.000574279   0.00449249   0.00636395     0.003026   -0.0378731    -0.010522    -0.019384   -0.0502782   -0.0803842    -0.165212   -0.0029195   -0.0242979    0.0985475   0.00141065    -0.392128     0.282177  -0.00374359  1.49221e-05  -0.00271978  -0.00337838  -0.00320159   0.00094627    0.0959273     0.238461     0.048398    -0.295144    -0.279089   -0.0102722    0.0537572    0.0209294  0.000792732    0.0525657     0.060232   -0.0212877    0.0639973    0.0242777  -0.00447002   0.00443797    0.0224974   0.00126775    0.0774133    -0.215883  0.000395468    0.0170975 -4.48646e-05  0.000273436 
   -0.314615     0.190976   -0.0500155    -0.101838     0.159002    0.0524017    -0.137659     -5.46696      3.84955      0.80214     0.526333   0.00559336    0.0573857     -3.51835     -9.03871     0.606872      1.51816     -4.51053      5.02624     -2.61808     -1.99796    -0.504919   -0.0003442   0.00702441  -6.9251e-05   -0.0108546   -0.0118374     -2.64963     -21.7601     0.107535      2.34224      5.10079     0.791447     -1.89251      1.05968    0.0431399    -0.159766    -0.193355   -0.0402603    -0.178501   -0.0750287   -0.0158359    -0.323089  -0.00924924      2.20329    -0.215883      37.5644   -0.0062983      9.88863   0.00915923   -0.0168327 
  0.00043893 -0.000248572  2.85526e-05  6.20965e-05 -9.67888e-05 -6.70741e-05  0.000257673   0.00299509  -0.00202545  -0.00035431 -0.000312856 -0.000136963 -0.000507598   0.00361278   0.00017124 -0.000758094  -0.00178047    0.0149215   -0.0175826    0.0211949  -0.00827735 -1.86024e-06 -3.53244e-06   7.2689e-06 -5.45617e-05  2.98454e-05  4.05019e-05   0.00828542    0.0303613   0.00153221  -0.00557343   -0.0170951  -0.00605935   0.00411922  -0.00151216 -4.95919e-05  0.000330066  0.000311383  0.000275591  0.000327198  0.000144853  0.000168878  0.000298018   8.7959e-05 -0.000644532  0.000395468   -0.0062983  0.000212992  -0.00702177  1.53453e-05  6.03021e-05 
  -0.0766743    0.0348777   -0.0274799    -0.110221     0.179381   0.00985306    -0.439975     -3.61545      2.52865  0.000854567    -0.430109     0.259477      1.95388      4.91976       33.515     -0.42188      -16.524     -10.2665       21.079     -4.63721     -25.5035      2.40146    0.0189888    -0.131681    0.0751533   -0.0517894   -0.0469121     -12.4574      5.91484     -4.48194      9.46587      31.0854      4.24141     -1.08665     0.358749   -0.0152078    -0.022224   0.00914784     -0.17597     0.014138   -0.0069599     0.856141    -0.225312     0.045166     0.519093    0.0170975      9.88863  -0.00702177      142.921    0.0150713   -0.0419663 
 0.000122558 -5.70224e-05 -3.89101e-05 -0.000142403  0.000178801  5.30813e-05  8.25191e-05  -0.00402445    0.0030106 -0.000310436  0.000723213 -0.000511895   -0.0027874   -0.0120812   -0.0492768   0.00216998     0.014653   -0.0157548    0.0202161   0.00954742   -0.0134011  -0.00277283 -6.34531e-06  -2.2895e-05 -0.000194208 -0.000108673 -0.000121453   0.00585304   -0.0660052     0.004552  -0.00462594  -0.00154184  -0.00422259  -0.00167029 -0.000537999 -5.49424e-06 -3.71234e-05 -2.86857e-05 -0.000138968 -3.70452e-05  5.87515e-06  1.72501e-05 -0.000216831 -1.64415e-05 -0.000233375 -4.48646e-05   0.00915923  1.53453e-05    0.0150713  0.000359065  5.69772e-05 
 0.000659468 -0.000394437  5.56456e-05  4.07249e-05 -0.000202065  3.58553e-05  0.000444075   0.00430143   -0.0028037 -0.000835745 -0.000124089 -0.000335376  -0.00153891   0.00414539   -0.0231246 -0.000643304    0.0197276  -0.00869104  -0.00507014     0.086705   -0.0504074  -0.00139014 -1.87816e-05  3.36741e-05 -3.29305e-05  0.000235778  -0.00019019    0.0232681    0.0346544   0.00438766   -0.0104952   -0.0279027   -0.0182271   0.00315553  -0.00226458 -0.000118003  0.000246678  0.000233905  0.000204923  0.000226204  0.000106633 -0.000117783  0.000364603  2.93053e-05  -0.00196377  0.000273436   -0.0168327  6.03021e-05   -0.0419663  5.69772e-05  0.000380639 
